00001    3.54  0.15 K221L 291.37563   73.63703   80.26858   10.58769  0.0785011  0.21424745   2.7660431  0 MPO656898  7297 122 1801-2021 0.63 M-v 30k Pan        0000      (1) Ceres              20211019
00002    4.22  0.15 K221L 272.47993  310.69724  172.91658   34.92531  0.2299930  0.21366046   2.7711069  0 MPO656898  8836 119 1804-2021 0.58 M-c 28k Pan        0000      (2) Pallas             20211014
00003    5.28  0.15 K221L 261.29865  247.94174  169.84777   12.99186  0.2568870  0.22606442   2.6687911  0 MPO656898  7437 114 1804-2021 0.61 M-v 3Ek Pan        0000      (3) Juno               20211001
00004    3.40  0.15 K221L   7.03156  151.09086  103.80397    7.14172  0.0882342  0.27163553   2.3612665  0 MPO647008  7599 107 1821-2021 0.50 M-p 18k Pan        0000      (4) Vesta              20210903
00005    6.99  0.15 K221L 160.98209  358.74038  141.57036    5.36762  0.1900994  0.23850284   2.5751766  0 MPO656898  3146  83 1845-2021 0.70 M-v 3Ek Pan        0000      (5) Astraea            20211018
00006    5.65  0.15 K221L 347.49916  239.50546  138.64096   14.73873  0.2030615  0.26089012   2.4256658  0 MPO656898  6023 101 1848-2021 0.60 M-v 3Ek Pan        0007      (6) Hebe               20210920
00007    5.61  0.15 K221L  47.64234  145.34353  259.52553    5.51768  0.2294992  0.26731924   2.3866161  0 MPO656898  5303  89 1848-2021 0.60 M-v 3Ek Pan        0000      (7) Iris               20211016
00008    6.54  0.15 K221L 136.25852  285.55016  110.87258    5.88872  0.1560671  0.30168758   2.2017319  0 MPO600179  2866  89 1847-2021 0.60 M-v 3Ek Pan        0000      (8) Flora              20210318
00009    6.37  0.15 K221L 184.56264    6.16421   68.89958    5.57695  0.1235614  0.26754185   2.3852921  0 MPO636060  2975  84 1822-2021 0.72 M-v 3Ek Pan        0000      (9) Metis              20210720
00010    5.55  0.15 K221L 328.89685  312.49336  283.18416    3.83093  0.1116260  0.17697922   3.1418675  0 MPO636060  3532  95 1849-2021 0.71 M-v 3Ek Pan        0000     (10) Hygiea             20210710
00011    6.60  0.15 K221L 175.42116  195.59823  125.52828    4.63165  0.0995468  0.25649743   2.4532814  0 MPO656898  5607 103 1850-2021 0.65 M-v 3Ek Pan        0000     (11) Parthenope         20211016
00012    7.31  0.15 K221L  49.75066   69.66956  235.36879    8.37333  0.2207425  0.27644833   2.3337809  0 MPO656898  3235  80 1850-2021 0.68 M-v 3Ek Pan        0000     (12) Victoria           20211009
00013    6.84  0.15 K221L  66.24433   80.14706   43.20672   16.53451  0.0854436  0.23830754   2.5765833  0 MPO636060  2849  72 1850-2021 0.68 M-v 3Ek Pan        0000     (13) Egeria             20210621
00014    6.53  0.15 K221L  42.03517   97.71345   86.11603    9.12082  0.1658788  0.23701840   2.5859175  0 MPO636060  2899  80 1851-2021 0.73 M-v 3Ek Pan        0000     (14) Irene              20210614
00015    5.41  0.15 K221L 152.50024   98.63170  292.92609   11.75200  0.1866253  0.22924154   2.6440754  0 MPO636060  2619  81 1851-2021 0.70 M-v 3Ek Pan        0000     (15) Eunomia            20210708
00016    6.06  0.15 K221L 125.12755  229.21970  150.03225    3.09684  0.1339267  0.19707433   2.9244846  0 MPO656898  3318  89 1852-2021 0.70 M-v 3Ek Pan        0000     (16) Psyche             20211014
00017    7.76  0.15 K221L 197.57339  135.80673  125.54286    5.59277  0.1328601  0.25380226   2.4706187  0 MPO656898  3950  95 1852-2021 0.69 M-v 3Ek Pan        0000     (17) Thetis             20211018
00018    6.53  0.15 K221L 190.37394  228.11925  150.36171   10.13250  0.2179092  0.28333887   2.2957889  0 MPO636060  5176  82 1852-2021 0.64 M-v 3Ek Pan        0000     (18) Melpomene          20210622
00019    7.38  0.15 K221L  95.08876  182.47216  211.04421    1.57276  0.1570179  0.25813357   2.4429040  0 MPO656898  3532  95 1852-2021 0.69 M-v 3Ek Pan        0000     (19) Fortuna            20211014
00020    6.56  0.15 K221L  20.51367  257.55934  205.97378    0.70880  0.1430641  0.26363286   2.4088127  0 MPO656898  2602  89 1856-2021 0.73 M-v 3Ek Pan        0000     (20) Massalia           20211016
00021    7.52  0.15 K221L 243.38133  250.15532   80.85397    3.06364  0.1635418  0.25936083   2.4351915  0 MPO636060  5232  76 1866-2021 0.49 M-v 3Ek Pan        0000     (21) Lutetia            20210708
00022    6.51  0.15 K221L  33.48368  357.60061   65.99349   13.70050  0.0983813  0.19852687   2.9102024  0 MPO656898  3338  85 1854-2021 0.59 M-v 3Ek Pan        0000     (22) Kalliope           20211016
00023    7.15  0.15 K221L 207.14121   60.99221   66.71408   10.09732  0.2326778  0.23108742   2.6299764  0 MPO656898  2519  67 1856-2021 0.68 M-v 3Ek Pan        0000     (23) Thalia             20211018
00026    7.49  0.15 K221L 333.29534  193.66180   45.76210    3.56263  0.0893719  0.22782400   2.6550318  0 MPO636060  2865  79 1861-2021 0.67 M-v 3Ek Pan        0000     (26) Proserpina         20210705
00027    7.08  0.15 K221L 249.69429  356.25694   94.78282    1.58339  0.1720728  0.27392762   2.3480761  0 MPO656898  2924  76 1853-2021 0.71 M-v 3Ek Pan        0000     (27) Euterpe            20211018
00029    6.05  0.15 K221L 165.88212   63.08942  356.32937    6.08275  0.0733965  0.24145103   2.5541712  0 MPO636060  2482  95 1855-2021 0.73 M-v 3Ek Pan        0000     (29) Amphitrite         20210801
00030    7.56  0.15 K221L 300.48285   86.99731  307.47181    2.09518  0.1277481  0.27081460   2.3660359  0 MPO656898  3625  77 1860-2021 0.62 M-v 3Ek Pan        0000     (30) Urania             20211016
00032    7.65  0.15 K221L 269.61663  338.68203  220.37558    5.52139  0.0816889  0.23682165   2.5873496  0 MPO656898  2661  75 1864-2021 0.71 M-v 3Ek Pan        0000     (32) Pomona             20211018
00037    7.39  0.15 K221L 211.33251   62.61761    7.25870    3.07136  0.1758640  0.22963773   2.6410334  0 MPO656898  3120  88 1855-2021 0.68 M-v 3Ek Pan        0000     (37) Fides              20210926
00039    6.07  0.15 K221L 155.00497  209.54236  156.93960   10.37076  0.1117485  0.21377773   2.7700933  0 MPO656898  6008  92 1856-2021 0.62 M-v 3Ek Pan        0000     (39) Laetitia           20211016
00040    7.17  0.15 K221L  37.30155  268.65083   94.16709    4.25586  0.0464614  0.28877377   2.2668923  0 MPO647008  5391  75 1860-2021 0.47 M-v 3Ek Pan        0000     (40) Harmonia           20210819
00043    8.03  0.15 K221L  79.28293   16.30929  264.77089    3.47048  0.1688191  0.30141343   2.2030667  0 MPO656898  2936  76 1864-2021 0.70 M-v 3Ek Pan        0000     (43) Ariadne            20211005
00044    6.94  0.15 K221L 342.98601  344.19501  131.49831    3.71170  0.1488716  0.26135957   2.4227603  0 MPO647008  2925  81 1864-2021 0.61 M-v 3Ek Pan        0000     (44) Nysa               20210903
00045    7.62  0.15 K221L 258.62828   87.65784  147.59470    6.60549  0.0835724  0.21960944   2.7208340  0 MPO656898  3950  78 1866-2021 0.60 M-v 3Ek Pan        0000     (45) Eugenia            20211018
00046    8.54  0.15 K221L 315.62555  177.34800  181.07436    2.35057  0.1727881  0.24563956   2.5250531  0 MPO656898  4320  78 1864-2021 0.63 M-v 3Ek Pan        0000     (46) Hestia             20211004
00047    8.16  0.15 K221L 253.30110  315.06494    3.05332    4.97561  0.1300776  0.20148519   2.8816460  0 MPO636060  3527  76 1860-2021 0.60 M-v 3Ek Pan        0000     (47) Aglaja             20210628
00051    7.59  0.15 K221L   7.66501    1.91244  175.95457    9.97909  0.0675930  0.27087548   2.3656814  0 MPO600179  5662  82 1863-2021 0.50 M-v 3Ek Pan        0000     (51) Nemausa            20210314
00052    6.48  0.15 K221L  58.66223  343.14347  128.59716    7.47831  0.1107613  0.18099157   3.0952601  0 MPO636060  3291  86 1860-2021 0.62 M-v 3Ek Pan        0000     (52) Europa             20210610
00063    7.46  0.15 K221L  45.15189  296.22175  337.72250    5.77661  0.1274188  0.26578170   2.3958116  0 MPO647008  2930  74 1861-2021 0.56 M-v 3Ek Pan        0000     (63) Ausonia            20210904
00070    8.16  0.15 K221L 303.07338  255.66294   47.66801   11.59447  0.1805661  0.23303412   2.6153092  0 MPO636061  3013  66 1866-2021 0.57 M-v 3Ek Pan        0000     (70) Panopaea           20210706
00080    8.08  0.15 K221L  20.84091  139.48583  218.65462    8.67660  0.2002391  0.28337030   2.2956191  0 MPO656899  2829  74 1865-2021 0.69 M-v 3Ek Pan        0000     (80) Sappho             20211010
00087    6.92  0.15 K221L 244.11871  263.93273   73.01413   10.87701  0.0939519  0.15183702   3.4797731  0 MPO636061  4308  73 1894-2021 0.54 M-v 3Ek Pan        0000     (87) Sylvia             20210731
00088    7.27  0.15 K221L 262.59091   36.53388  276.44033    5.21298  0.1618281  0.21385169   2.7694546  0 MPO636061  3805  78 1866-2021 0.64 M-v 3Ek Pan        0000     (88) Thisbe             20210717
00089    6.76  0.15 K221L  19.80856   45.04483  311.54663   16.12770  0.1847281  0.24201305   2.5502153  0 MPO656899  2400  67 1866-2021 0.75 M-v 3Ek Pan        0000     (89) Julia              20210920
00090    8.22  0.15 K221L 321.32238  245.17192   69.95072    2.20702  0.1667863  0.17657255   3.1466898  0 MPO656899  4940  84 1866-2021 0.56 M-v 3Ek Pan        0000     (90) Antiope            20210920
00115    7.65  0.15 K221L 285.60185   96.87419  308.79937   11.59259  0.1931668  0.26847185   2.3797804  0 MPO656899  2518  69 1872-2021 0.67 M-v 3Ek Pan        0000    (115) Thyra              20211018
00128    7.71  0.15 K221L 288.57541  303.46116   76.23086    6.24502  0.1280749  0.21624253   2.7490036  0 MPO656899  3053  77 1872-2021 0.63 M-v 3Ek Pan        0000    (128) Nemesis            20211006
00144    8.12  0.15 K221L 235.12627  294.65247   76.17577    4.81457  0.2353629  0.22794528   2.6540900  0 MPO647009  3285  69 1875-2021 0.49 M-v 3Ek Pan        0000    (144) Vibilia            20210821
00145    8.22  0.15 K221L 323.37684   45.25128   77.33707   12.62050  0.1463839  0.22572313   2.6714805  0 MPO656899  2956  60 1875-2021 0.55 M-v 3Ek Pan        0000    (145) Adeona             20211018
00148    7.65  0.15 K221L 217.82485  252.65788  145.00265   25.29429  0.1878606  0.21379678   2.7699288  0 MPO656900  3839  75 1879-2021 0.60 M-v 3Ek Pan        0000    (148) Gallia             20210923
00173    7.94  0.15 K221L 251.08871  228.84307  148.17187   14.19978  0.2095892  0.21714946   2.7413440  0 MPO647010  3486  76 1879-2021 0.43 M-v 3Ek Pan        0000    (173) Ino                20210816
00187    8.26  0.15 K221L 295.26511  196.74565   21.67608   10.58185  0.2407512  0.21865514   2.7287448  0 MPO656900  3474  57 1880-2021 0.53 M-v 3Ek Pan        0000    (187) Lamberta           20211016
00192    7.36  0.15 K221L 262.75818   30.68543  343.10042    6.79953  0.2458117  0.26471353   2.4022523  0 MPO647010  2948  69 1879-2021 0.55 M-v 3Ek Pan        0000    (192) Nausikaa           20210904
00196    6.57  0.15 K221L 268.37970  202.45422   72.30618    7.26101  0.0153501  0.17927515   3.1149852  0 MPO636063  2999  82 1879-2021 0.55 M-v 3Ek Pan        0000    (196) Philomela          20210621
00198    8.49  0.15 K221L 281.64914   89.21575  268.24297    9.32180  0.2276589  0.25574168   2.4581122  0 MPO647010  3159  58 1885-2021 0.42 M-v 3Ek Pan        0000    (198) Ampella            20210904
00230    7.38  0.15 K221L 291.75846  139.69117  239.83386    9.44978  0.0621283  0.26806177   2.3822068  0 MPO656901  2693  73 1882-2021 0.71 M-v 3Ek Pan        0000    (230) Athamantis         20211014
00324    7.05  0.15 K221L 314.54674   44.20587  327.85962   11.10474  0.3414290  0.22457743   2.6805586  0 MPO647012  3547  74 1892-2021 0.52 M-v 3Ek Pan        0000    (324) Bamberga           20210904
00346    7.36  0.15 K221L 250.51215  291.90910   91.93182    8.75288  0.1027445  0.21098233   2.7945078  0 MPO656902  2704  62 1892-2021 0.65 M-v 3Ek Pan        0000    (346) Hermentaria        20210923
00354    6.35  0.15 K221L 183.83064    6.38774  140.34764   18.39581  0.1120638  0.20998100   2.8033848  0 MPO656902  2827  84 1893-2021 0.75 M-v 3Ek Pan        0000    (354) Eleonora           20211017
00433   10.31  0.15 K221L 246.90412  178.89719  304.29634   10.82847  0.2227273  0.55968772   1.4582731  0 E2021-Y76 11512  53 1893-2021 0.56 M-v 3Ek Veres      1804    (433) Eros               20211202
00584    8.57  0.15 K221L 345.27471   85.28505  282.02770   10.72084  0.2339885  0.26946771   2.3739135  0 MPO656905  2681  56 1906-2021 0.55 M-v 3Ek Pan        0000    (584) Semiramis          20211018
00674    7.50  0.15 K221L 182.64712   41.65133   58.12783   13.50977  0.1950312  0.19742433   2.9210272  0 MPO656907  2428  64 1901-2021 0.67 M-v 3Ek Pan        0000    (674) Rachele            20211004
01036    9.23  0.15 K221L 140.65484  132.42811  215.51720   26.67791  0.5331216  0.22643871   2.6658494  0 E2021-Y76  7066  60 1924-2021 0.53 M-v 3Ek Veres      1804   (1036) Ganymed            20211215
00511    6.43  0.15 K221L 149.38212  337.15927  107.58521   15.93991  0.1884248  0.17525139   3.1624845  0 MPO647014  3405  85 1903-2021 0.53 M-v 3Ek Pan        0000    (511) Davida             20210830
00041    7.44  0.15 K221L 349.10563   45.92128  178.05504   15.78966  0.2745927  0.21479424   2.7613469  0 MPO636060  3203  65 1866-2021 0.63 M-v 3Ek Pan        0000     (41) Daphne             20210610
00068    7.00  0.15 K221L 113.80761  304.61231   44.06851    7.96059  0.1849846  0.21229254   2.7829980  0 MPO656898  2856  87 1861-2021 0.67 M-v 3Ek Pan        0000     (68) Leto               20211015
00349    5.90  0.15 K221L 342.95779  344.47528   32.19964    8.24726  0.0905078  0.19689074   2.9263023  0 MPO656902  2735  82 1892-2021 0.73 M-v 3Ek Pan        0000    (349) Dembowska          20211019
00351    9.05  0.15 K221L 347.98875   31.80980   99.19976    9.20633  0.1557556  0.21433240   2.7653122  0 MPO656902  3197  52 1893-2021 0.51 M-v 3Ek Pan        0000    (351) Yrsa               20211018
00471    6.67  0.15 K221L  86.06789  315.63476   83.80093   15.01375  0.2287249  0.20056513   2.8904520  0 MPO656904  3085  73 1901-2021 0.64 M-v 3Ek Pan        0000    (471) Papagena           20211014
00521    8.51  0.15 K221L  23.05347  316.03231   89.60970   10.58301  0.2783418  0.21695080   2.7430173  0 MPO656905  2895  62 1904-2021 0.56 M-v 3Ek Pan        0000    (521) Brixia             20211010
00554    9.12  0.15 K221L  33.90435  127.69257  295.38982    2.93494  0.1518899  0.26926856   2.3750839  0 MPO656905  3246  63 1900-2021 0.61 M-v 3Ek Pan        0000    (554) Peraga             20211018
00762    8.05  0.15 K221L 341.40524  188.78162  305.54597   13.09964  0.1066653  0.17596206   3.1539637  0 MPO656908  3864  49 1916-2021 0.52 M-v 3Ek Pan        0000    (762) Pulcova            20211018
00925    8.42  0.15 K221L 335.04261  201.76523  299.53139   21.09992  0.0808114  0.22213958   2.7001346  0 MPO656910  4361  50 1902-2021 0.46 M-v 3Ek Pan        0000    (925) Alphonsina         20211018
00031    6.86  0.15 K221L 262.85749   61.55882   30.87180   26.27555  0.2179027  0.17511607   3.1641135  0 MPO656898  2603  63 1860-2021 0.65 M-v 3Ek Pan        0000     (31) Euphrosyne         20211018
00042    7.58  0.15 K221L 101.85386  237.17663   84.18695    8.51225  0.2227244  0.25829158   2.4419076  0 MPO656898  2996  77 1856-2021 0.66 M-v 3Ek Pan        0000     (42) Isis               20211006
D4340   -0.45  0.15 K221L  45.68926  115.19411  110.30102   17.11115  0.2498235  0.00393471  39.7368943  0 MPO647966  9906  96 1914-2021 0.29 M-v 3Ek Pan        000A (134340) Pluto              20210818
D6108    0.26  0.15 K221L 218.88618  239.71340  122.12606   28.21247  0.1989365  0.00349650  42.9912511  2 MPO647973  3192  19 1955-2021 0.35 M-v 3Ek Pan        000A (136108) Haumea             20210904
D6472   -0.12  0.15 K221L 167.00792  295.20443   79.47666   29.00208  0.1653925  0.00323482  45.2795717  2 MPO647974  3185  19 1955-2021 0.33 M-v 3Ek Pan        000A (136472) Makemake           20210815
